0000000000000000
0000000001001110
0000000010000000
0000000001111110
0000000001001110
1111111111111111
1111111110110010
1111111110000000
1111111110000001
1111111110110011
0000000000000001
0000000001001110
0000000010000000
0000000001111110
0000000001001111
0000000000000001
1111111110110001
1111111110000010
1111111110000001
1111111110110001
0000000000000000
0000000001001101
0000000001111111
0000000001111111
0000000001001111
1111111111111111
1111111110110001
1111111110000010
1111111110000000
1111111110110001
0000000000000000
0000000001001101
0000000001111110
0000000001111111
0000000001001111
0000000000000001
1111111110110010
1111111110000010
1111111110000010
1111111110110011
0000000000000000
0000000001001110
0000000010000000
0000000001111111
0000000001001111
0000000000000000
1111111110110001
1111111110000000
1111111110000011
1111111110110011
0000000000000000
0000000001001111
0000000001111111
0000000010000000
0000000001001110
0000000000000001
1111111110110010
1111111110000010
1111111110000001
1111111110110010
0000000000000001
0000000001001110
0000000001111110
0000000010000000
0000000001001111
1111111111111111
1111111110110001
1111111110000010
1111111110000010
1111111110110011
0000000000000001
0000000001001110
0000000001111110
0000000001111111
0000000001001111
1111111111111111
1111111110110011
1111111110000001
1111111110000001
1111111110110001
0000000000000000
0000000001001110
0000000001111101
0000000001111110
0000000001001101
0000000000000001
1111111110110011
1111111110000010
1111111110000001
1111111110110001
1111111111111111
0000000001001111
0000000001111110
0000000010000000
0000000001001110
0000000000000000
1111111110110010
1111111110000011
1111111110000001
1111111110110010
1111111111111111
0000000001010000
0000000001111110
0000000001111110
0000000001001110
0000000000000000
1111111110110001
1111111110000010
1111111110000010
1111111110110011
1111111111111111
0000000001001111
0000000010000000
0000000001111111
0000000001001111
0000000000000001
1111111110110010
1111111110000000
1111111110000001
1111111110110010
1111111111111111
0000000001001111
0000000001111110
0000000001111110
0000000001001110
0000000000000000
1111111110110011
1111111110000001
1111111110000001
1111111110110011
1111111111111111
0000000001001110
0000000001111110
0000000001111111
0000000001001110
0000000000000000
1111111110110011
1111111110000001
1111111110000001
1111111110110010
0000000000000000
0000000001001111
0000000010000000
0000000001111110
0000000001001110
0000000000000001
1111111110110010
1111111110000001
1111111110000001
1111111110110001
0000000000000001
0000000001001111
0000000001111110
0000000010000000
0000000001010000
1111111111111111
1111111110110001
1111111110000001
1111111110000010
1111111110110010
0000000000000000
0000000001001110
0000000010000000
0000000001111111
0000000001001101
0000000000000000
1111111110110001
1111111110000001
1111111110000010
1111111110110010
1111111111111111
0000000001001101
0000000001111111
0000000010000000
0000000001001110
1111111111111111
1111111110110011
1111111110000001
1111111110000000
1111111110110010
1111111111111111
0000000001001111
0000000001111110
0000000001111110
0000000001001101
0000000000000001
1111111110110010
1111111110000010
1111111110000010
1111111110110001
0000000000000000
0000000001001110
0000000001111110
0000000001111111
0000000001001110
1111111111111111
1111111110110001
1111111110000010
1111111110000000
1111111110110001
